27.348870646746544
24.92601667861692
20.877787964009954
25.86139586180843
25.37674641150482
22.90028417054682
26.89583190511304
21.87397648586005
24.864970850414473
27.365689919054425
26.869421717413594
26.375493507016866
22.436352711695577
22.907623770137057
26.90591113191224
25.889678294443367
27.361133070018607
22.392185244377146
23.40290894843255
27.397063533701033
26.35547731544684
27.334852633586326
25.39082108167684
22.37232950515131
29.337494308920952
26.335397851120945
29.388856634210885
24.40440470101213
25.354778414847917
31.390778047923728
25.88709344195202
23.38624907401773
18.448349546995026
18.910793127313415
24.89508994997308
18.925103505455443
20.414580587182225
17.91518314519183
19.41312995136908
20.42755990960664
19.419121495070033
23.379316575711144
18.941680157900414
24.91900554446727
23.379720235385225
21.886916833943676
22.880258557826455
18.415273563783312
19.893752411969693
22.89650961971248
20.904441075421467
23.90185825295851
21.38410264363283
21.891557564511572
25.36539877773356
21.883024946641207
23.368961713674874
20.8976333921314
21.896747899782113
24.36781483896991
24.876537916456396
24.35784944186565
21.387164485466833
20.879514396785485
21.89971751435197
21.3931803846361
22.417226085171976
23.888047494901723
20.910483537340742
22.89955728629573
20.887889381724076
24.383161619573805
19.892583698300097
20.406664152541808
25.872803553965408
22.396255148667528
24.41554892353196
21.422108517227386
20.923186327586112
23.380563396282483
20.408661007042713
26.867265418689932
21.882161257402526
23.370261326364314
23.869301455838386
21.88595419676142
24.369389527445122
21.91095383977597
21.879997327679295
22.42193474934761
22.882730980742238
23.382461719509752
22.37848858891765
21.892423989007824
23.40411638940254
18.442245103367398
24.86811007580256
21.89859146610327
20.889795507808614
26.36500950351617
21.383174203803915
25.86709742721698
22.386740120099066
26.9083443400652
22.90867884717757
23.889363662596725
25.855509111662737
21.37284303977178
20.404789548161077
12.944091962144617
11.475761813958412
18.916312879311015
23.374042474134317
22.909671848929385
24.370036508337986
21.369558983208666
24.365908775495342
20.889166916188483
21.37656336488668
22.398156913196935
24.85808163239689
23.907238956559898
22.873117487860284
22.419511621662664
21.891666374382464
20.398492745015325
25.346635618782326
20.39577000765414
22.378244091486042
21.912532314488825
21.88273846834002
26.35962724836188
21.884091707045712
21.40278458220291
20.874393742128362
23.91418636950386
23.879450801287817
21.8744322497351
23.384726789925754
19.893922274183883
21.38187817672478
23.384592429585283
21.419380685441034
24.874185041269623
22.915234508123138
22.40127697871188
23.368432988159995
22.883784858805605
23.8775150691937
20.881085278422017
23.407386953067245
24.373841993182634
22.868836554052077
23.37047858746281
20.389976735633788
19.88654228474795
25.417202978359317
20.422616978572517
22.89047828626479
22.37297468436726
21.879994085320426
24.898907745471348
27.35490947807267
24.368616506641796
22.38819626948073
22.876310499971268
25.83405004523
21.42159186471729
22.366605531076395
21.388937216272453
20.3818970060725
24.872769850061328
22.40130597263267
27.381649719273266
23.375229337100475
21.41298744756614
21.39928531225739
22.383585133726356
23.421017933580064
21.43108126452059
24.917675227886008
22.382560094891733
21.365767864802645
21.907456277680286
20.885628709857933
20.898390551804233
24.91430421112074
23.367073748829643
23.875493693480248
22.868545199005283
20.896204332053056
22.88073336507036
21.393321762460214
24.379676253275292
22.38396139860479
23.87857227831549
25.38602031014545
20.9122386224205
21.87353485533286
19.914006530464697
23.85096776459336
26.851248099786957
22.889890049422377
25.336010228879502
22.805122011169885
20.8423184195892
27.77724941756505
18.851570977689434
24.297320234358825
20.842164176907776
25.3003800268765
23.407638887534745
18.39545202378067
21.384680150524645
16.360495664969985
17.83167044858948
22.414978205666046
16.347136447658457
19.368361334295283
17.88028451294112
18.36128622961241
18.424187269855555
21.871488481265743
19.882548428093
18.36418188974744
22.38166578292169
17.380790070971848
17.379458077430808
20.901594322011473
17.890431545832215
22.36899116039619
17.908888413793417
21.84470852292144
22.364454342618707
17.884534156736194
21.340727651278748
17.392204585615097
15.897476845907912
20.866942711878224
19.368555058978938
21.863805556088533
19.36763237168869
18.88665119627422
20.36025432006853
16.407154284732854
19.867440651209495
18.35834737718025
18.361909425417874
20.345837382621244
18.376043762818934
20.86591437186223
17.379976636073028
18.886513330546144
21.366797419135565
18.376327855627842
23.34884007633534
18.87190684735545
17.874378501450675
19.445040498638203
16.903445314471398
21.363896161500687
18.91752863662326
19.38759451727991
20.37314272535646
17.89237752809863
19.361191121282257
17.88917254209965
18.42027629815494
19.880197160667052
17.401499291795474
21.85603815611517
18.88365029593301
17.382338300226273
18.86295975796215
17.878954623049406
19.36031281650175
17.87106681164189
17.893790671828313
17.393212744087734
15.43043071497564
17.442115574884877
21.887312122969377
20.927712166302847
18.9045615121985
17.934293402927178
22.397244856170634
18.908857359918343
19.937002521139185
18.442850502862978
17.91862468933677
19.408924379291857
19.916513649383102
23.39439239051494
20.934610325958303
17.426955482466745
20.427297583069826
19.913719558461125
18.927850837089753
17.41389389326017
18.411073273336882
23.37665406664953

Average: 21.838978
Max: 31.390778
